50
1 1000000
10 1000000
100000 1000000
100000 1000000
100000 1000000
100000 1000000
100000 1000000
100000 1000000
100000 1000000
100000 1000000
100000 1000000
100000 1000000
100000 1000000
100000 1000000
100000 1000000
100000 1000000
100000 1000000
100000 1000000
100000 1000000
100000 1000000
100000 1000000
100000 1000000
100000 1000000
100000 1000000
100000 1000000
100000 1000000
100000 1000000
100000 1000000
100000 1000000
100000 1000000
100000 1000000
100000 1000000
100000 1000000
100000 1000000
100000 1000000
100000 1000000
100000 1000000
100000 1000000
100000 1000000
100000 1000000
100000 1000000
100000 1000000
100000 1000000
100000 1000000
100000 1000000
100000 1000000
100000 1000000
100000 1000000
100000 1000000
100000 1000000
